      0/99     1.13G    0.0429 0.0007402  0.001086   0.04472         2       416    0.1529    0.3777    0.1056   0.03159   0.08649   0.00299   0.01233
      1/99     1.19G   0.04187 0.0007633 0.0008281   0.04346         2       416    0.1007    0.3351   0.05025   0.01381   0.08977  0.003356   0.02544
      2/99     1.19G    0.0435 0.0007542 0.0008773   0.04513         2       416    0.1007    0.3351   0.05025   0.01381   0.08977  0.003356   0.02544
      3/99     1.19G   0.04127  0.000766 0.0007754   0.04281         2       416   0.09285    0.3776   0.05774   0.01604   0.08874  0.003817   0.02787
      4/99     1.19G   0.04262 0.0006944 0.0008316   0.04415         2       416    0.1988    0.3777    0.1276   0.03681   0.08467  0.003033   0.01594
      5/99     1.19G   0.04176 0.0007275 0.0007569   0.04325         3       416    0.1604    0.3614    0.1078   0.03002   0.08592  0.003034   0.01617
      6/99     1.19G   0.03977 0.0007072 0.0008177   0.04129         1       416    0.2487    0.3883     0.164   0.04571   0.08237  0.002966   0.00906
      7/99     1.19G   0.04023 0.0006878  0.001042   0.04196         2       416     0.217    0.3547    0.1371   0.03619   0.08452  0.002806  0.009324
      8/99     1.19G   0.03917 0.0006886 0.0006853   0.04054         2       416    0.2899    0.3245    0.1822   0.05789    0.0842  0.002761   0.01044
      9/99     1.19G   0.03983 0.0006448 0.0005512   0.04102         3       416     0.319     0.367    0.1913   0.05667   0.08198  0.002988  0.008577
     10/99     1.19G   0.04005 0.0006395 0.0007017   0.04139         2       416    0.2196    0.4415    0.1715   0.05335   0.08372  0.002952   0.01164
     11/99     1.19G    0.0384 0.0006349 0.0007527   0.03979         2       416    0.2721    0.3453      0.18   0.05808   0.08467  0.002841   0.01174
     12/99     1.19G   0.03866 0.0006448 0.0007354   0.04004         2       416    0.3844    0.3351    0.2351   0.07695    0.0833  0.002655  0.007674
     13/99     1.19G   0.03795 0.0006713 0.0005522   0.03917         2       416    0.3751    0.3298    0.2194   0.06837   0.08382  0.002732  0.008005
     14/99     1.19G   0.03904 0.0006492 0.0006712   0.04036         2       416    0.3886    0.3777    0.2541   0.07624   0.08219  0.002734  0.007545
     15/99     1.19G   0.03944 0.0006159 0.0005711   0.04062         2       416     0.388    0.3351    0.2343   0.07107   0.08408  0.002666   0.00868
     16/99     1.19G   0.03723 0.0006183 0.0005764   0.03843         2       416    0.3761    0.4149    0.2659   0.08803    0.0801  0.002753  0.006755
     17/99     1.19G   0.03789 0.0006281 0.0005492   0.03907         2       416    0.3248    0.3617    0.2284   0.06735   0.08468  0.002664    0.0109
     18/99     1.19G   0.03829 0.0006032 0.0007968   0.03969         3       416    0.3144    0.4202    0.2398   0.07226   0.08294  0.002682  0.007578
     19/99     1.19G   0.03805 0.0006297 0.0006246   0.03931         2       416    0.3355    0.4149    0.2708   0.07937   0.08227   0.00265  0.006497
     20/99     1.19G   0.03793 0.0006291 0.0007005   0.03926         2       416    0.3874    0.3191    0.2276   0.06575   0.08524  0.002645   0.01075
     21/99     1.19G   0.03922 0.0006176 0.0006584    0.0405         1       416    0.3751    0.4928    0.3411     0.113   0.07838  0.002733  0.004427
     22/99     1.19G   0.03704 0.0006263 0.0008752   0.03854         2       416    0.3491    0.3402    0.2202   0.06942     0.085  0.002659  0.008923
     23/99     1.19G   0.03757 0.0006321 0.0006044    0.0388         2       416     0.467    0.3138    0.2427   0.07762   0.08428  0.002686  0.008291
     24/99     1.19G   0.03791 0.0005836 0.0005553   0.03905         2       416    0.3641    0.3457    0.2375   0.07366   0.08429   0.00269  0.009277
     25/99     1.19G   0.03639 0.0006047 0.0005643   0.03756         2       416    0.4319    0.3351    0.2783   0.08691   0.08224  0.002653  0.004906
     26/99     1.19G   0.03676 0.0006124 0.0006241     0.038         2       416    0.4753    0.3238    0.2955    0.1028   0.08262  0.002631   0.00503
     27/99     1.19G   0.03887 0.0006186 0.0006853   0.04018         3       416     0.359    0.4043    0.3088   0.09751   0.08126  0.002634  0.003918
     28/99     1.19G   0.03762 0.0006006  0.000569   0.03879         2       416    0.4099    0.4517    0.3683    0.1255   0.07867  0.002683   0.00302
     29/99     1.19G   0.03875 0.0006281 0.0008151   0.04019         2       416    0.4712     0.383    0.3358     0.107   0.07976  0.002689  0.003683
     30/99     1.19G   0.03653 0.0006068 0.0004895   0.03763         4       416    0.4174    0.4947    0.3963    0.1359   0.07698  0.002642  0.001895
     31/99     1.19G    0.0363  0.000585 0.0003669   0.03725         2       416    0.4308    0.3404    0.3026    0.1014   0.08261  0.002596  0.003957
     32/99     1.19G   0.03644 0.0005447 0.0005223    0.0375         2       416      0.47    0.3564    0.3551    0.1235   0.08002  0.002634  0.002323
     33/99     1.19G   0.03672 0.0005835 0.0004911   0.03779         3       416    0.3747    0.4492    0.3452    0.1129   0.08048  0.002689  0.003075
     34/99     1.19G   0.03657 0.0005705 0.0006665   0.03781         2       416    0.3761    0.4255    0.3437    0.1111   0.07956  0.002671  0.003046
     35/99     1.19G   0.03801 0.0005886 0.0003973     0.039         2       416    0.4293    0.3511    0.3172    0.1016   0.08188  0.002644  0.004661
     36/99     1.19G   0.03816 0.0006168 0.0005521   0.03933         3       416    0.3931    0.4681    0.3496    0.1126   0.07686  0.002785  0.002646
     37/99     1.19G   0.03674 0.0005737 0.0004534   0.03777         1       416    0.4108    0.3989     0.318    0.1058   0.08051  0.002608  0.003257
     38/99     1.19G   0.03713 0.0005861 0.0005354   0.03826         2       416    0.3722    0.3387    0.2581   0.08333   0.08334  0.002694   0.00441
     39/99     1.19G   0.03788 0.0005764 0.0005279   0.03898         2       416    0.3591    0.4202     0.306   0.09666   0.08273  0.002609  0.003739
     40/99     1.19G   0.03717 0.0005947 0.0004945   0.03826         2       416    0.4529    0.4679    0.4164    0.1419   0.07706  0.002685  0.001656
     41/99     1.19G     0.038 0.0005799 0.0004169   0.03899         2       416    0.4505    0.3606    0.3118   0.09465   0.08144  0.002649  0.002985
     42/99     1.19G   0.03772 0.0006083 0.0006059   0.03893         2       416    0.4249    0.4149    0.3642    0.1163   0.08011   0.00265  0.002444
     43/99     1.19G   0.03862 0.0005858 0.0007018    0.0399         1       416    0.4593    0.4415    0.3804    0.1261   0.07558  0.002767  0.001266
     44/99     1.19G   0.03687 0.0005909 0.0004379    0.0379         2       416    0.3999    0.4149    0.3345    0.1071   0.07977  0.002694  0.002576
     45/99     1.19G   0.03618 0.0005958 0.0004382   0.03722         2       416    0.3962    0.4248    0.3421     0.109   0.08046  0.002696   0.00364
     46/99     1.19G   0.03654 0.0006038 0.0006491   0.03779         2       416    0.4304    0.4362    0.3804    0.1236   0.07857  0.002673  0.001946
     47/99     1.19G   0.03825 0.0005739 0.0005897   0.03942         2       416    0.4655    0.4149    0.3704    0.1147    0.0793  0.002658  0.002267
     48/99     1.19G   0.03639 0.0005751  0.000737    0.0377         2       416    0.4344    0.4362    0.3804     0.124   0.07943  0.002682  0.002635
     49/99     1.19G   0.03726  0.000584 0.0005268   0.03837         2       416    0.4652     0.367    0.3307    0.1036   0.08123  0.002644  0.003171
     50/99     1.19G    0.0375 0.0005982 0.0006018    0.0387         2       416    0.4274    0.4309    0.3536    0.1157   0.07913  0.002703  0.002458
     51/99     1.19G   0.03615 0.0005895 0.0005202   0.03726         2       416    0.4938    0.4302    0.3889    0.1285   0.07748  0.002679  0.001481
     52/99     1.19G   0.03702 0.0005978 0.0006153   0.03824         2       416    0.4432    0.5266    0.4218    0.1348   0.07421  0.002792 0.0009896
     53/99     1.19G   0.03598 0.0005813 0.0004227   0.03699         2       416    0.3632    0.3975    0.3031   0.09161   0.08232  0.002623  0.004082
     54/99     1.19G    0.0362 0.0005921 0.0004136    0.0372         2       416    0.3943    0.3936    0.2974   0.09129   0.08336  0.002617  0.005364
     55/99     1.19G   0.03644 0.0005913  0.000384   0.03742         2       416    0.4946    0.4148    0.4081    0.1308   0.07851  0.002655  0.001896
     56/99     1.19G   0.03764 0.0005916 0.0003395   0.03857         3       416    0.4468    0.5207    0.4154     0.132   0.07571  0.002716  0.001058
     57/99     1.19G   0.03802 0.0005827 0.0004641   0.03907         2       416    0.4856    0.3921    0.3818    0.1211   0.07896   0.00269  0.001721
     58/99     1.19G   0.03644 0.0005787 0.0004692   0.03749         2       416    0.4916    0.4094    0.3767    0.1236   0.07709  0.002759  0.001221
     59/99     1.19G   0.03835 0.0005909 0.0005564    0.0395         2       416    0.4448    0.3509    0.2946   0.08885   0.08188  0.002664  0.003228
     60/99     1.19G   0.03776  0.000567 0.0006774     0.039         2       416     0.392    0.3815    0.3131   0.09723   0.08136  0.002689  0.003362
     61/99     1.19G   0.03797 0.0005858 0.0005626   0.03912         2       416     0.479     0.383    0.3633    0.1228   0.07999  0.002636   0.00178
     62/99     1.19G   0.03485 0.0005685 0.0002386   0.03566         2       416    0.4885    0.4043    0.3848    0.1216   0.07894  0.002677  0.001906
     63/99     1.19G   0.03549 0.0006015 0.0004007   0.03649         2       416    0.4032    0.3936    0.3467    0.1085   0.08054  0.002661  0.002166
     64/99     1.19G   0.03707  0.000587 0.0003675   0.03802         0       416     0.443    0.4415    0.3806    0.1256   0.07781  0.002714  0.001525
     65/99     1.19G     0.036  0.000602 0.0006498   0.03726         2       416    0.4003    0.3612     0.294   0.09097   0.08107  0.002717  0.002769
     66/99     1.19G   0.03762 0.0005879 0.0005921    0.0388         2       416    0.4376    0.3969    0.3504    0.1117   0.07994  0.002676  0.002373
     67/99     1.19G    0.0374 0.0006082 0.0006316   0.03864         2       416    0.4906    0.4149    0.3845    0.1274   0.07955  0.002654  0.002439
     68/99     1.19G   0.03556 0.0006036 0.0005255   0.03669         2       416    0.5238    0.4573    0.4168    0.1342    0.0762  0.002714 0.0008677
     69/99     1.19G   0.03637 0.0005688 0.0003934   0.03733         2       416    0.4392    0.4149    0.3658    0.1188    0.0795  0.002646    0.0022
     70/99     1.19G   0.03683 0.0005656 0.0004626   0.03785         2       416    0.4041    0.4096     0.321    0.1074   0.08064  0.002685  0.002547
     71/99     1.19G   0.03639 0.0005629 0.0006273   0.03758         2       416    0.4344    0.4415    0.3784    0.1253   0.07872    0.0027  0.002188
     72/99     1.19G   0.03603   0.00054 0.0006373   0.03721         2       416    0.4171    0.3775    0.3131    0.1062   0.08019  0.002645  0.002131
     73/99     1.19G   0.03688 0.0005693 0.0004821   0.03793         2       416    0.4525    0.4031    0.3371     0.103   0.08081  0.002653   0.00329
     74/99     1.19G     0.037 0.0005751 0.0004577   0.03804         2       416    0.4613    0.3549    0.3159   0.09614   0.08003  0.002722  0.002611
     75/99     1.19G   0.03686   0.00059 0.0004775   0.03793         2       416    0.4668    0.3861    0.3606     0.115   0.08099  0.002647  0.002622
     76/99     1.19G   0.03593  0.000573 0.0003489   0.03685         2       416    0.4609     0.484    0.4377     0.146   0.07677  0.002679  0.001084
     77/99     1.19G    0.0345 0.0005819 0.0004832   0.03557         2       416     0.495    0.3617     0.326     0.104   0.08278  0.002582  0.004269
     78/99     1.19G   0.03683 0.0005853 0.0005375   0.03796         2       416    0.5007    0.4362    0.3974    0.1277   0.07824  0.002695  0.001508
     79/99     1.19G   0.03639 0.0005821  0.000353   0.03733         2       416    0.4362    0.3819    0.3609    0.1181   0.07977  0.002666  0.001938
     80/99     1.19G   0.03657 0.0005728 0.0006103   0.03775         1       416    0.4696    0.3929    0.3562    0.1197    0.0799  0.002681  0.002492
     81/99     1.19G   0.03648 0.0005618 0.0003723   0.03741         2       416    0.4605    0.3777    0.3257   0.09998   0.08025  0.002694  0.002275
     82/99     1.19G   0.03528 0.0005356 0.0003827   0.03619         2       416    0.4411    0.3989    0.3724    0.1194   0.07936  0.002686  0.002305
     83/99     1.19G    0.0363 0.0005535 0.0004639   0.03731         2       416     0.433    0.3823    0.3105   0.09908   0.08136  0.002678  0.002695
     84/99     1.19G   0.03559 0.0005549 0.0003312   0.03648         2       416     0.446    0.4038    0.3209   0.09576   0.08083  0.002658   0.00278
     85/99     1.19G   0.03762 0.0005834 0.0004681   0.03867         3       416    0.4054    0.3815    0.3206   0.09469   0.08125  0.002667  0.003226
     86/99     1.19G   0.03796 0.0005696 0.0006788   0.03921         2       416    0.5173     0.409    0.3905    0.1257   0.07893  0.002671  0.002242
     87/99     1.19G    0.0354 0.0005851 0.0002794   0.03626         2       416    0.4141    0.3777    0.2984   0.09332   0.08127  0.002629  0.002092
     88/99     1.19G   0.03444 0.0005434 0.0003416   0.03532         2       416     0.421    0.3989      0.35    0.1192   0.08019  0.002648  0.002152
     89/99     1.19G   0.03622 0.0005709 0.0004531   0.03725         4       416    0.4353    0.3564    0.2994   0.09357   0.08177  0.002635  0.002875
     90/99     1.19G   0.03517 0.0005837 0.0004675   0.03622         2       416     0.486    0.3723    0.3566     0.117   0.08032  0.002649  0.002191
     91/99     1.19G   0.03552 0.0005797 0.0004334   0.03653         2       416    0.4206    0.4309     0.355    0.1115   0.08048  0.002619  0.002911
     92/99     1.19G   0.03582 0.0005658 0.0004014   0.03678         2       416    0.3918    0.4468    0.3761    0.1199   0.07905  0.002698  0.001713
     93/99     1.19G   0.03532  0.000584 0.0005719   0.03647         2       416    0.6002    0.3989    0.4226    0.1425   0.07723  0.002698  0.001254
     94/99     1.19G   0.03555 0.0005736  0.000297   0.03642         2       416    0.4671    0.4096    0.3713    0.1241   0.07925  0.002686  0.002128
     95/99     1.19G   0.03512 0.0005985 0.0004426   0.03616         2       416    0.4429    0.4149    0.3732    0.1235   0.07851  0.002735  0.001945
     96/99     1.19G   0.03632 0.0005702 0.0006243   0.03752         3       416    0.5302    0.4149    0.4082    0.1298   0.07961  0.002661  0.002337
     97/99     1.19G   0.03522 0.0005925 0.0004184   0.03623         2       416    0.3913    0.3777    0.3026   0.09578   0.08186   0.00264  0.002742
     98/99     1.19G   0.03677 0.0005702 0.0005684   0.03791         3       416    0.4711    0.3723    0.3497    0.1193   0.08026  0.002632  0.001771
     99/99     1.19G   0.03695 0.0005985 0.0004155   0.03796         1       416    0.4778    0.4255    0.3847    0.1194   0.07911  0.002692  0.002708
